iterations 400 2800 2800 0 0
2 0 1595.9475 2.7050025
2 0.2 52.924974999999996 2.7117832142857146 0.045066496428571426 0 0
2 0.4 13.0825 2.7335689285714286 0.10525887142857143 0 0
2 0.6 5.5774975 2.765714642857143 0.2577426785714285 0 0
2 0.8 2.9000025 2.809288928571429 0.46369282142857143 0 0
2 1 1.8175 2.8560689285714287 0.7089270000000001 0 0
4 0 4094.21 3.780711785714286
4 0.2 480.89775000000003 3.815000357142857 0.0376778 0 0
4 0.4 120.79225000000001 3.9725025 0.05545018214285714 0 0
4 0.6 57.255024999999996 4.213568571428571 0.17426149285714287 0 0
4 0.8 32.9825 4.409639642857143 0.4257770357142857 0 0
4 1 23.002525000000002 4.6071453571428576 0.5753438571428572 0 0
6 0 6892.535 4.3507139285714285
6 0.2 1715.2175 4.408211785714285 -0.017768314285714286 0 0
6 0.4 440.10224999999997 4.518568928571429 0.013912780142857142 0 0
6 0.6 204.76225 4.731074642857143 0.12561494285714284 0 0
6 0.8 120.365 5.003571428571429 0.20173407142857144 0 0
6 1 81.57497500000001 5.220716785714286 0.3253008214285714 0 0
8 0 9543.715 4.6374975
8 0.2 4226.345 4.666068571428571 0.023352742857142852 0 0
8 0.4 1084.785 4.797140357142857 0.058970271428571426 0 0
8 0.6 496.685 4.971788928571429 0.11004368928571427 0 0
8 0.8 293.49275 5.2349974999999995 0.18411763214285715 0 0
8 1 199.55225 5.466782857142857 0.34077124999999997 0 0
10 0 13064.725 4.894283214285714
10 0.2 8916.179999999998 4.9296460714285715 0.022628149285714286 0 0
10 0.4 2245.7625 5.062145357142857 0.010797367857142857 0 0
10 0.6 1033.865 5.2675028571428575 0.08215717142857143 0 0
10 0.8 600.765 5.4182175 0.14659327857142856 0 0
10 1 394.2372500000001 5.688216785714285 0.2760836071428571 0 0
12 0 15928.425 5.082499642857143
12 0.2 15471.625 5.108925357142857 0.02590587142857143 0 0
12 0.4 3982.2575 5.241431785714286 0.027749174999999997 0 0
12 0.6 1811.6525 5.389645357142857 0.06830143571428572 0 0
12 0.8 1045.2825 5.575711071428572 0.10211514285714285 0 0
12 1 699.04 5.834640357142857 0.2484783214285714 0 0
