iterations 2325 5525 5525 1200 1200
100000 0 1834.1293333333333 4.102804253393665
100000 0.2 991.4312000000001 4.149502669683258 0.002850290316742081 0.983082 0.9759830000000002
100000 0.4 256.63726666666673 4.283801538461538 0.06882532778280542 0.9750800000000001 0.967777
100000 0.6 120.73259999999999 4.533574570135746 0.1403329071493213 0.9585150000000001 0.9588
100000 0.8 69.34221333333333 4.777014660633483 0.2909988461538461 0.9528380000000001 0.956213
100000 1 46.282673333333335 5.04814443438914 0.5171394027149321 0.947429 0.9536839999999999
150000 0 2761.8613333333333 4.0818095475113125
150000 0.2 975.6846 4.122534298642534 -0.006395157995475112 0.982662 0.9759280000000001
150000 0.4 248.16520000000003 4.261536515837104 0.043985219004524886 0.971355 0.9663390000000001
150000 0.6 116.89333333333333 4.522714977375566 0.13612332533936652 0.964425 0.9615719999999999
150000 0.8 69.43733333333333 4.743348642533936 0.26051443891402715 0.95622 0.957774
150000 1 45.614219999999996 4.933756425339367 0.4529883846153846 0.9494350000000001 0.954775
200000 0 3654.7626666666665 4.100995837104073
200000 0.2 969.6905333333334 4.137014298642534 0.03379288 0.983529 0.9762210000000001
200000 0.4 250.59040000000002 4.285971990950227 0.059539509701357476 0.9702839999999999 0.9651089999999999
200000 0.6 116.27106666666667 4.5192749773755665 0.15129713122171945 0.962734 0.9602140000000001
200000 0.8 69.432 4.776288778280543 0.25947043438914025 0.9577970000000001 0.958041
200000 1 45.93332 5.001628914027148 0.47956381900452494 0.949794 0.9546200000000001
250000 0 4473.23 4.0731230769230775
250000 0.2 970.2666666666667 4.124705656108597 0.002614690497737557 0.983017 0.9752629999999999
250000 0.4 249.9138 4.263167013574661 0.061709995746606336 0.972099 0.964985
250000 0.6 116.61973333333334 4.496289185520362 0.13874323529411764 0.961318 0.9588949999999999
250000 0.8 68.59380666666667 4.731763529411764 0.2576488642533937 0.954828 0.9555119999999999
250000 1 45.89070666666667 4.929952714932127 0.4857710226244344 0.946238 0.951959
300000 0 5474.84 4.092850542986425
300000 0.2 977.4881333333333 4.142806606334841 -0.01577451814479638 0.9849669999999999 0.977312
300000 0.4 249.90873333333334 4.250677873303167 0.07231819728506787 0.9719569999999998 0.9663840000000001
300000 0.6 116.69766666666666 4.503529773755656 0.16731398009049772 0.9619420000000001 0.960242
300000 0.8 68.83912 4.746064343891403 0.3029642805429864 0.9561799999999999 0.9573350000000002
300000 1 46.48355333333333 4.9467879638009045 0.5294535746606335 0.9450649999999999 0.953156
350000 0 6417.54 4.090860452488688
350000 0.2 983.0407333333333 4.134660542986425 0.025039384072398186 0.984983 0.976395
350000 0.4 252.94119999999998 4.276921357466064 0.06128849104072399 0.974596 0.966457
350000 0.6 117.53886666666668 4.508235203619909 0.1033242963800905 0.9626070000000001 0.958944
350000 0.8 70.12620666666666 4.794387556561086 0.2814510859728507 0.952354 0.9540200000000001
350000 1 45.57509333333333 4.987329909502263 0.5057580407239819 0.948162 0.9525130000000002
400000 0 7414.298666666667 4.111494208144796
400000 0.2 975.4965333333334 4.156922488687783 0.005095699728506786 0.9834559999999999 0.9758969999999999
400000 0.4 249.93233333333333 4.283259004524887 0.07428906244343891 0.9717279999999999 0.965443
400000 0.6 116.14026666666668 4.531220316742082 0.1706841809954751 0.960622 0.958907
400000 0.8 67.76444 4.740091493212669 0.30127360180995477 0.953704 0.9558509999999999
400000 1 45.42225333333334 5.0217185972850675 0.47164848868778286 0.948593 0.953491
450000 0 8243.552 4.08180778280543
450000 0.2 995.4798666666668 4.117828868778281 0.018753700452488687 0.9818699999999999 0.9748899999999999
450000 0.4 258.46746666666667 4.249955746606335 0.06738003981900453 0.970612 0.96511
450000 0.6 118.4402 4.4704071040723985 0.1495980995475113 0.960588 0.9588719999999998
450000 0.8 70.7822 4.753846425339367 0.30542168778280543 0.954547 0.9559279999999999
450000 1 46.90576666666667 4.95239891402715 0.49102939819004526 0.947656 0.9524369999999999
500000 0 9215.686666666666 4.099549321266968
500000 0.2 994.0247999999999 4.1332124434389135 0.03692515067873303 0.9835549999999998 0.9774299999999999
500000 0.4 257.80473333333333 4.276743619909502 0.07115048642533936 0.9715260000000001 0.967977
500000 0.6 119.48979999999999 4.496108733031674 0.16359843619909503 0.965607 0.9635610000000001
500000 0.8 70.90311333333334 4.725611040723982 0.33210279185520364 0.959674 0.960144
500000 1 46.45511333333333 4.932851040723981 0.5138771040723982 0.949292 0.955888
