iterations 950 2350 2350 600 600
10 0 2583.4314285714286 5.3936170212765955
10 0.2 170.21714285714285 5.4344668085106385 0.062225408510638305 0.943491 0.932495
10 0.4 44.128542857142854 5.6702114893617015 0.22074619148936167 0.90212 0.892831
10 0.6 20.525685714285718 6.04595744680851 0.5445778085106383 0.863561 0.8604210000000001
10 0.8 12.020028571428572 6.480425531914894 1.2475865957446808 0.821516 0.826659
10 1 8.211425714285713 7.056172340425532 2.097775106382979 0.785453 0.800339
20 0 4185.345714285714 4.483405106382979
20 0.2 505.21714285714285 4.545108085106383 -0.00268756085106383 0.974862 0.969055
20 0.4 129.02828571428572 4.713615744680851 0.05377444893617021 0.956903 0.9537910000000002
20 0.6 61.48282857142858 4.97404085106383 0.1526821021276596 0.9466220000000001 0.944726
20 0.8 34.35711428571428 5.233615319148936 0.4400380638297872 0.934857 0.937149
20 1 23.674285714285713 5.494467659574468 0.6853618510638297 0.9227289999999999 0.9286110000000001
30 0 5579.082857142857 4.126383829787234
30 0.2 978.5 4.14468 0.07367980425531913 0.98753 0.9789729999999999
30 0.4 253.42257142857142 4.290638723404255 0.05618500085106384 0.9743019999999999 0.967991
30 0.6 116.90885714285714 4.5059565957446805 0.12792583404255314 0.9665529999999999 0.963288
30 0.8 69.17997142857142 4.771913617021276 0.3004707021276596 0.960747 0.9596440000000002
30 1 45.174257142857144 4.888935744680851 0.5528434468085106 0.955276 0.95814
40 0 7091.708571428571 3.9106378723404256
40 0.2 1611.64 3.953193617021277 0.017159748936170213 0.985129 0.9778459999999999
40 0.4 413.30600000000004 4.0561693617021275 0.07131827021276596 0.976785 0.9698200000000001
40 0.6 193.15114285714284 4.2680846808510635 0.13484604255319152 0.970232 0.965591
40 0.8 115.35171428571428 4.543830638297872 0.2592555106382979 0.964058 0.96324
40 1 74.81142857142856 4.76765914893617 0.4135835319148936 0.961512 0.9623749999999999
50 0 8466.431428571428 3.8029782978723405
50 0.2 2400.542857142857 3.821277021276596 0.011350191489361701 0.986256 0.9777449999999999
50 0.4 605.0625714285715 3.9395731914893615 0.0011187306382978773 0.978712 0.969505
50 0.6 288.7631428571429 4.188086382978724 0.1351253489361702 0.971583 0.9659560000000001
50 0.8 172.59742857142857 4.434894468085107 0.18788676595744683 0.9635510000000002 0.9627200000000001
50 1 114.51171428571428 4.687658297872341 0.425332744680851 0.9606730000000001 0.962801
60 0 9949.108571428571 3.7204259574468086
60 0.2 3349.6485714285714 3.7591493617021277 -0.005715490212765958 0.986915 0.9774660000000001
60 0.4 847.7971428571428 3.848934893617021 0.06534731276595744 0.9746040000000001 0.966718
60 0.6 398.16 4.110214042553192 0.10725900851063827 0.9685109999999999 0.9632680000000001
60 0.8 242.34314285714282 4.364682553191489 0.18116426382978726 0.966703 0.9623700000000001
60 1 161.3482857142857 4.631914042553191 0.24347502127659573 0.962104 0.96161
