iterations 211 211 211 97 97
20000 0 65923.11469194312 12.791471090047393
20000 0.5 41688.14075829384 12.909963981042653 1.3136164549763036 0.9919253374910229 0.8910357628865979
20000 1 10671.761042654029 13.222762085308057 3.025404123222749 0.9880526190571065 0.8617421958762886
20000 1.5 4717.98672985782 13.099527962085308 4.666848625592416 0.9805555924522181 0.8296537938144329
20000 2 2338.3397156398105 11.55451374407583 5.727438293838862 0.9767505360361404 0.8182814020618556
20000 2.5 1507.3755450236965 11.61137251184834 6.715340284360189 0.9736805507563998 0.8158514226804123
25000 0 81970.21563981043 12.672980094786729
25000 0.5 42656.34928909953 13.218 1.149388156398104 0.9920851981095794 0.8951300309278352
25000 1 10851.745308056874 13.379163981042653 2.91221990521327 0.9875822020850227 0.8668581855670103
25000 1.5 4318.918862559242 12.014214407582939 4.579740426540284 0.9819933218070196 0.8418325876288659
25000 2 2283.0489099526067 11.289105781990523 5.507871327014218 0.98029630616935 0.8438724123711341
25000 2.5 1436.1421800947867 11.075840379146921 6.772110284360189 0.9744228752044481 0.828075793814433
30000 0 84725.6758293839 10.938390521327014
30000 0.5 36982.39383886256 11.44076587677725 0.9141909289099526 0.9924499035144214 0.8955526701030927
30000 1 10544.418009478673 13.056881516587678 2.2913945497630324 0.9867933798308817 0.8572789175257731
30000 1.5 3762.6144075829384 10.459695924170616 3.888803649289099 0.9831316950121627 0.8406919381443299
30000 2 1937.4798104265403 9.530807772511848 4.95806018957346 0.9775513274365807 0.826591556701031
30000 2.5 1371.4735545023696 10.559243601895734 5.881747203791469 0.9738219824904436 0.8175808350515463
35000 0 117786.96208530806 13.02843412322275
35000 0.5 44287.983412322275 13.658777251184835 1.2616939715639812 0.9913682739210008 0.8841879072164949
35000 1 10508.083507109006 12.966817061611374 3.293909478672986 0.9864892556237691 0.8508630618556701
35000 1.5 5415.879241706161 14.962094786729857 4.502476682464455 0.9824436592563419 0.8343261134020619
35000 2 2703.250047393365 13.274879620853076 5.847991848341233 0.9755589756006023 0.8180831030927835
35000 2.5 1423.8919431279621 10.928902369668247 6.983639099526066 0.9720329615568168 0.8073256082474227
40000 0 124669.63033175355 12.06162654028436
40000 0.5 47242.59241706161 14.5829327014218 0.5150854691943126 0.9902232716135759 0.8748009793814433
40000 1 11077.709099526066 13.625584834123222 2.762571137440758 0.987142495753504 0.8545344845360826
40000 1.5 4516.242843601895 12.526068246445497 4.305608862559242 0.9829941120352137 0.8345953711340205
40000 2 2346.24663507109 11.582917535545022 5.5647195734597155 0.9770631402478861 0.8121987216494846
40000 2.5 1566.9738388625592 12.080585781990521 6.8223337914691955 0.9717808650388047 0.8057454742268042
45000 0 158557.29857819906 13.65877345971564
45000 0.5 46164.38720379146 14.298581990521326 1.4314164454976306 0.9910234543912894 0.8768332783505155
45000 1 12602.15876777251 15.592430331753555 3.4308274881516585 0.9852517544214063 0.8392155257731959
45000 1.5 4302.951469194313 12.023709573459715 5.117548056872039 0.9822400294868527 0.8290053917525773
45000 2 2452.6318483412324 12.113766824644552 6.694293791469194 0.9739661059701147 0.8136587216494846
45000 2.5 1255.9440758293836 9.687209857819905 7.331682417061611 0.9719954598957488 0.8024089587628866
50000 0 170965.03317535546 13.274870142180093
50000 0.5 46348.175355450236 14.393351658767772 1.0387142369668247 0.9914510691810494 0.8841168556701031
50000 1 11691.170616113746 14.492909952606636 3.309706018957346 0.9856930378176764 0.8457585670103092
50000 1.5 4441.424644549764 12.398123222748815 5.11359421800948 0.980694427967103 0.8261826804123712
50000 2 2493.612701421802 12.345982938388627 6.241728246445498 0.9750401023468086 0.8126521134020618
50000 2.5 1415.028246445498 10.905222369668246 7.2119847393364935 0.9702776700011583 0.8071913092783505
